Accuracy: 0.830859375
Classification Report:
               precision    recall  f1-score   support

           0       0.95      0.95      0.95      1608
           1       0.68      0.77      0.73      1640
           2       0.99      1.00      0.99      1643
           3       0.77      0.72      0.75      1539
           4       0.80      0.80      0.80      1569
           5       0.86      0.68      0.76      1676
           6       0.73      0.87      0.79      1566
           7       0.91      0.85      0.88      1559

    accuracy                           0.83     12800
   macro avg       0.84      0.83      0.83     12800
weighted avg       0.84      0.83      0.83     12800


Accuracy: 0.830234375
Classification Report:
               precision    recall  f1-score   support

           0       0.94      0.96      0.95      1597
           1       0.67      0.76      0.71      1588
           2       1.00      1.00      1.00      1625
           3       0.76      0.73      0.75      1548
           4       0.81      0.80      0.80      1594
           5       0.85      0.68      0.75      1611
           6       0.74      0.87      0.80      1619
           7       0.91      0.85      0.88      1618

    accuracy                           0.83     12800
   macro avg       0.83      0.83      0.83     12800
weighted avg       0.84      0.83      0.83     12800